5,0140903305300038020311
5,0140903305580035020311
5,0140903305160029020311
5,0140903305810020020311
5,0140903305080015020311
5,0140903306100001020311
5,0140903305590025020311
5,0140903305460045020311
5,0140903305360022020311
5,0140903305760012020311
5,0140903305890007020311
5,0140903215870100020311
5,0140903215620112020311
5,0140903215830107020311
5,0140903216770104020311
5,0140903217170102020311
5,0140903215860115020311
5,0140903217460101020311
5,0140903215560111020311
5,0140903216580105020311
5,0140903217300108020311
5,0140903217110124020311
5,0140903217590114020311
5,0140903215490103020311
5,0140903216410113020311
5,0140903216690125020311
5,0140903216280117020311
5,0140903216680127020311
5,0140903216060109020311
5,0140903216680110020311
5,0140903215700116020311
5,0140903216720128020311
5,0140903216370135020311
5,0140903216400118020311
5,0140903218250126020311
5,0140903217180134020311
5,0140903215430121020311
5,0140903216320136020311
5,0140903217310122020311
5,0140903217260123020311
5,0140903218000138020311
5,0140903217030131020311
5,0140903217530130020311
5,0140903215380137020311
5,0140903215860144020311
5,0140903216450129020311
5,0140903216900120020311
5,0140903216220132020311
5,0140903215910119020311
5,0140903215790133020311
5,0140903216520005020311
5,0140903216270008020311
5,0140903218490140020311
5,0140903216910139020311
5,0140903218460003020311
5,0140903216840143020311
5,0140903216220001020311
5,0140903218420002020311
5,0140903216640142020311
5,0140903217780011020311
5,0140903215810141020311
5,0140903305580036020311
5,0140903305340044020311
5,0140903305780039020311
5,0140903305910024020311
5,0140903306020018020311
5,0140903306160041020311
5,0140903305830010020311
5,0140903305660016020311
5,0140903305730026020311
5,0140903305400032020311
5,0140903304820031020311
5,0140903217220062020311
5,0140903216040056020311
5,0140903217120054020311
5,0140903216950052020311
5,0140903218070053020311
5,0140903215930061020311
5,0140903217240057020311
5,0140903216600051020311
5,0140903217610055020311
5,0140903217810064020311
5,0140903218140063020311
5,0140903217490058020311
5,0140903216090059020311
5,0140903217000069020311
5,0140903216850070020311
5,0140903215640075020311
5,0140903217410065020311
5,0140903217170060020311
5,0140903218080072020311
5,0140903216900067020311
5,0140903217770068020311
5,0140903217340082020311
5,0140903217130081020311
5,0140903216960066020311
5,0140903217380074020311
5,0140903216550079020311
5,0140903217130071020311
5,0140903217460076020311
5,0140903215860080020311
5,0140903217350092020311
5,0140903216880078020311
5,0140903219520094020311
5,0140903217630085020311
5,0140903216380073020311
5,0140903216850084020311
5,0140903217770095020311
5,0140903217830077020311
5,0140903217430088020311
5,0140903217090091020311
5,0140903217770098020311
5,0140903215530106020311
5,0140903217220083020311
5,0140903216800086020311
5,0140903217250087020311
5,0140903220270096020311
5,0140903218620097020311
5,0140903216310090020311
5,0140903218160089020311
5,0140903218230093020311
5,0140903216830099020311
5,0140903305160023020311
5,0140903305290028020311
5,0140903305690017020311
5,0140903305400030020311
5,0140903305510027020311
5,0140903305200043020311
5,0140903305670048020311
5,0140903305440033020311
5,0140903305600034020311
5,0140903305720053020311
5,0140903305450037020311
5,0140903217340038020311
5,0140903218820032020311
5,0140903217990030020311
5,0140903217400027020311
5,0140903217200034020311
5,0140903218630018020311
5,0140903217420016020311
5,0140903217460039020311
5,0140903218680025020311
5,0140903218050029020311
5,0140903218040035020311
5,0140903216570042020311
5,0140903217030031020311
5,0140903217100036020311
5,0140903217020028020311
5,0140903216680044020311
5,0140903216980043020311
5,0140903216820020020311
5,0140903218490045020311
5,0140903216250050020311
5,0140903218500019020311
5,0140903217100017020311
5,0140903216480033020311
5,0140903216990049020311
5,0140903217430047020311
5,0140903218770054020312
5,0140903216450046020311
5,0140903218310040020311
5,0140903216820037020311
5,0140903217030041020311
5,0140903217080048020311
5,0140903217920058020312
5,0140903218960052020312
5,0140903217590060020312
5,0140903218220056020312
5,0140903217790055020312
5,0140903217710062020312
5,0140903217590051020312
5,0140903219130063020312
5,0140903217980053020312
5,0140903218370068020312
5,0140903219080065020312
5,0140903218540064020312
5,0140903217210061020312
5,0140903219990070020312
5,0140903217860069020312
5,0140903218060066020312
5,0140903219310067020312
5,0140903218510057020312
5,0140903216080059020312
5,0140903116360019020311
5,0140903116650023020311
5,0140903117000027020311
5,0140903115260033020311
5,0140903115670034020311
5,0140903116040035020311
5,0140903115880038020311
5,0140903116140018020311
5,0140903115370039020311
5,0140903115410036020311
5,0140903116370040020311
5,0140903117590016020311
5,0140903116070044020311
5,0140903115870042020311
5,0140903115770048020311
5,0140903115710052020311
5,0140903116430041020311
5,0140903115650045020311
5,0140903114680049020311
5,0140903115540037020311
5,0140903116490046020311
5,0140903116850022020311
5,0140903116740050020311
5,0140903116060043020311
5,0140903115540051020311
5,0140903116660030020311
5,0140903115660025020311
5,0140903116940026020311
5,0140903115150053020311
5,0140903116290032020311
5,0140903115420055020311
5,0140903115200047020311
5,0140903115740021020311
5,0140903218800005020311
5,0140903218890004020311
5,0140903218190001020311
5,0140903217630011020311
5,0140903219270003020311
5,0140903219480002020311
5,0140903218040012020311
5,0140903220180013020311
5,0140903219050007020311
5,0140903218440006020311
5,0140903218140010020311
5,0140903218480015020311
5,0140903218300026020311
5,0140903219040022020311
5,0140903218780023020311
5,0140903217120021020311
5,0140903217350024020311
5,0140903218620009020311
5,0140903218680008020311
5,0140903218580014020311
5,0140903116820024020312
5,0140903115770031020312
5,0140903115380019020312
5,0140903812660004020312
5,0140903811450059020311
5,0140903811660039020311
5,0140903813530057020311
5,0140903811870054020311
5,0140903811790052020311
5,0140903812890001020312
5,0140903812870047020311
5,0140903813380007020312
5,0140903811750056020311
5,0140903812630003020312
5,0140903813050005020312
5,0140903811520058020311
5,0140903812160006020312
5,0140903811460002020312
5,0140903116790005020312
5,0140903115970007020311
5,0140903116390002020312
5,0140903114990001020312
5,0140903115830171020311
5,0140903115030002020311
5,0140903115870010020312
5,0140903115480004020312
5,0140903116470008020311
5,0140903115660003020311
5,0140903115340011020312
5,0140903115930004020311
5,0140903115670023020312
5,0140903117440009020312
5,0140903117080007020312
5,0140903118000003020312
5,0140903116330012020312
5,0140903116540014020312
5,0140903115660018020312
5,0140903116610006020312
5,0140903117510008020312
5,0140903117070022020312
5,0140903117820013020312
5,0140903116950015020312
5,0140903115820030020312
5,0140903115860027020312
5,0140903116420020020312
5,0140903116170021020312
5,0140903116370016020312
5,0140903116870026020312
5,0140903115830032020312
5,0140903116900017020312
5,0140903116100025020312
5,0140903115320034020312
5,0140903116990028020312
5,0140903116580033020312
5,0140903116150012020311
5,0140903116330004020311
5,0140903116410008020311
5,0140903116680007020311
5,0140903116960001020311
5,0140903117530029020312
5,0140903117720002020311
5,0140903116840010020311
5,0140903116390011020311
5,0140903117110006020311
5,0140903116890017020311
5,0140903116520003020311
5,0140903118560015020311
5,0140903115450031020311
5,0140903117200013020311
5,0140903115590014020311
5,0140903117050005020311
5,0140903117010009020311
5,0140903811900044020311
5,0140903810990036020311
5,0140903811770045020311
5,0140903811330028020311
5,0140903812060035020311
5,0140903811690046020311
5,0140903811790038020311
5,0140903812640050020311
5,0140903811890040020311
5,0140903811270043020311
5,0140903811720051020311
5,0140903812880053020311
5,0140903814330049020311
5,0140903812820048020311
5,0140903813410055020311
5,0140903116800042020312
5,0140903116210046020312
5,0140903116830047020312
5,0140903116540041020312
5,0140903116320040020312
5,0140903117580048020312
5,0140903116490043020312
5,0140903115330173020311
5,0140903116150055020312
5,0140903116190049020312
5,0140903116820044020312
5,0140903115940050020312
5,0140903117020053020312
5,0140903116820059020312
5,0140903118020051020312
5,0140903116360058020312
5,0140903114900056020312
5,0140903117980065020312
5,0140903116830060020312
5,0140903117050054020312
5,0140903117300057020312
5,0140903115900066020312
5,0140903115430052020312
5,0140903115870061020312
5,0140903116110074020312
5,0140903116300070020312
5,0140903116790062020312
5,0140903117630071020312
5,0140903116650067020312
5,0140903116940078020312
5,0140903117110068020312
5,0140903115640063020312
5,0140903116390064020312
5,0140903116350079020312
5,0140903115800069020312
5,0140903116520080020312
5,0140903117130076020312
5,0140903116220084020312
5,0140903116040072020312
5,0140903115620073020312
5,0140903117720081020312
5,0140903115570075020312
5,0140903115990077020312
5,0140903116530083020312
5,0140903116470082020312
5,0140903113410167020311
5,0140903114440001020311
5,0140903114540168020311
5,0140903115810208020311
5,0140903117020005020311
5,0140903115530170020311
5,0140903117040006020311
5,0140903116490166020311
5,0140903115160169020311
5,0140903811960021020311
5,0140903811110023020311
5,0140903811460024020311
5,0140903811400031020311
5,0140903811850022020311
5,0140903811520032020311
5,0140903811560030020311
5,0140903810650027020311
5,0140903811560034020311
5,0140903811590026020311
5,0140903811040029020311
5,0140903811270033020311
5,0140903810840037020311
5,0140903811740041020311
5,0140903811740042020311
5,0140903117410186020311
5,0140903116440197020311
5,0140903116680194020311
5,0140903116410198020311
5,0140903116940187020311
5,0140903115040202020311
5,0140903116110207020311
5,0140903116080205020311
5,0140903115380195020311
5,0140903114220193020311
5,0140903116560199020311
5,0140903117650191020311
5,0140903116600201020311
5,0140903115270196020311
5,0140903116130204020311
5,0140903116320200020311
5,0140903116190203020311
5,0140903117020085020312
5,0140903115520093020312
5,0140903116710087020312
5,0140903115990206020311
5,0140903115830089020312
5,0140903116070086020312
5,0140903115620088020312
5,0140903116190091020312
5,0140903117430092020312
5,0140903117160090020312
5,0140903115440096020312
5,0140903117970100020312
5,0140903116810098020312
5,0140903117410108020312
5,0140903116310102020312
5,0140903115220095020312
5,0140903117590094020312
5,0140903115620097020312
5,0140903117150106020312
5,0140903116440105020312
5,0140903115970099020312
5,0140903116980107020312
5,0140903116920103020312
5,0140903117300101020312
5,0140903116180104020312
5,0140903115490038020312
5,0140903117920112020312
5,0140903115670111020312
5,0140903116530109020312
5,0140903115820110020312
5,0140903116130113020312
5,0140903116180035020312
5,0140903117450039020312
5,0140903115440114020312
5,0140903115090037020312
5,0140903117460036020312
5,0140903118140045020312
5,0140903812930011020311
5,0140903811410020020311
5,0140903811380019020311
5,0140903810970016020311
5,0140903811070025020311
5,0140903811710017020311
5,0140903812380013020311
5,0140903812770018020311
5,0140903812280012020311
5,0140903815260009020311
5,0140903812730004020311
5,0140903813530008020311
5,0140903813820010020311
5,0140903812100014020311
5,0140903812240015020311
5,0140903115770141020311
5,0140903117580130020311
5,0140903116460125020311
5,0140903116050127020311
5,0140903116490135020311
5,0140903116560131020311
5,0140903117310132020311
5,0140903114810145020311
5,0140903116190138020311
5,0140903117070129020311
5,0140903116120148020311
5,0140903116410136020311
5,0140903115010137020311
5,0140903114660149020311
5,0140903116350134020311
5,0140903116400139020311
5,0140903115240142020311
5,0140903115100150020311
5,0140903114140158020311
5,0140903117070140020311
5,0140903115440144020311
5,0140903115810143020311
5,0140903115070147020311
5,0140903114150160020311
5,0140903114690156020311
5,0140903114300153020311
5,0140903115640151020311
5,0140903114990146020311
5,0140903115320154020311
5,0140903113740161020311
5,0140903117600177020311
5,0140903114320164020311
5,0140903116130152020311
5,0140903115720162020311
5,0140903116490155020311
5,0140903113620157020311
5,0140903114460172020311
5,0140903114840165020311
5,0140903114800178020311
5,0140903115080175020311
5,0140903113530163020311
5,0140903115810174020311
5,0140903117410176020311
5,0140903116240182020311
5,0140903115410181020311
5,0140903116460180020311
5,0140903115660188020311
5,0140903114750179020311
5,0140903117790183020311
5,0140903116450190020311
5,0140903116080189020311
5,0140903115940185020311
5,0140903116210192020311
5,0140903115670184020311
5,0140903812070001020311
5,0140903812830007020311
5,0140903812430005020311
5,0140903812580003020311
5,0140903812390002020311
5,0140903812580006020311
5,0140903117470080020311
5,0140903116150087020311
5,0140903115200085020311
5,0140903115570073020311
5,0140903115490084020311
5,0140903115260069020311
5,0140903116080091020311
5,0140903116160077020311
5,0140903116510076020311
5,0140903118200089020311
5,0140903116440075020311
5,0140903115570078020311
5,0140903114780092020311
5,0140903117180083020311
5,0140903115980082020311
5,0140903115420097020311
5,0140903115800086020311
5,0140903115330101020311
5,0140903116130088020311
5,0140903115500098020311
5,0140903115750095020311
5,0140903116410090020311
5,0140903116640093020311
5,0140903115820096020311
5,0140903115430104020311
5,0140903114910102020311
5,0140903115720106020311
5,0140903115410094020311
5,0140903117000099020311
5,0140903115520113020311
5,0140903117260108020311
5,0140903114950115020311
5,0140903116090103020311
5,0140903117240110020311
5,0140903114940100020311
5,0140903115010114020311
5,0140903116160111020311
5,0140903115910118020311
5,0140903116650116020311
5,0140903116890107020311
5,0140903116280105020311
5,0140903115930119020311
5,0140903116070121020311
5,0140903117570109020311
5,0140903113850159020311
5,0140903115220117020311
5,0140903115950123020311
5,0140903116680112020311
5,0140903114990122020311
5,0140903115730124020311
5,0140903115790128020311
5,0140903115580133020311
5,0140903116020126020311
5,0140903116410120020311
5,0140903117640024020311
5,0140903115910057020311
5,0140903117060028020311
5,0140903116260020020311
5,0140903115800056020311
5,0140903116540063020311
5,0140903116240059020311
5,0140903115270054020311
5,0140903115950065020311
5,0140903115200058020311
5,0140903115930060020311
5,0140903115570062020311
5,0140903115470072020311
5,0140903116500064020311
5,0140903114770061020311
5,0140903114560068020311
5,0140903116060029020311
5,0140903115860066020311
5,0140903115870079020311
5,0140903115180074020311
5,0140903115310070020311
5,0140903114750067020311
5,0140903116530081020311
5,0140903117040071020311
5,0140903306100028020312
5,0140903305940022020312
5,0140903305730019020312
5,0140903305560036020312
5,0140903305910029020312
5,0140903306150024020312
5,0140903306040020020312
5,0140903305870034020312
5,0140903306010021020312
5,0140903305820023020312
5,0140903306130017020312
5,0140903306170027020312
5,0140903305880018020312
5,0140903306100035020312
5,0140903305360013020311
5,0140903305860032020312
5,0140903306230031020312
5,0140903305970033020312
5,0140903306260030020312
5,0140906314840001020311
5,0140906313690005020311
5,0140906313830008020311
5,0140906314390003020311
5,0140906313990007020311
5,0140906314020015020311
5,0140906313460010020311
5,0140906313840004020311
5,0140906314490009020311
5,0140906314070014020311
5,0140906313730019020311
5,0140906314080013020311
5,0140906313380002020311
5,0140906313690006020311
5,0140906314220012020311
5,0140906314450020020311
5,0140906314310016020311
5,0140906314060017020311
5,0140906314660011020311
5,0140906313650018020311
5,0140903305950003020312
5,0140903306200004020312
5,0140903305860010020312
5,0140903306160008020312
5,0140903306620014020312
5,0140903305930011020312
5,0140903306390013020312
5,0140903306100012020312
5,0140903306080015020312
5,0140903305650025020312
5,0140903305930016020312
5,0140903305790009020312
5,0140903306030007020312
5,0140903306140006020312
5,0140903305690005020312
5,0145903813460031020312
5,0145903814410032020312
5,0145903813760033020312
5,0145903813300034020312
5,0140903306100026020312
5,0145903813680029020312
5,0145903814030030020312
5,0145903814220028020312
5,0145903814150027020312
5,0145903813410026020312
5,0145903813410022020312
5,0145903814180025020312
5,0145903813870023020312
5,0145903813890024020312
5,0145903814850021020312
5,0145903815380020020312
5,0145903815060018020312
5,0145903813870019020312
5,0145903815320017020312
5,0145903815300016020312
5,0145903814670012020312
5,0145903815230011020312
5,0145903814100013020312
5,0145903814520014020312
5,0145903813980015020312
5,0145903814370005020312
5,0145903815250007020312
5,0145903814280006020312
5,0145903813890010020312
5,0145903814940009020312
5,0145903813230008020312
5,0145903814510004020312
5,0145903814570003020312
5,0145903813700001020312
5,0145903813960002020312