2,0140918705000804020319
2,0140918705000887020312
2,0140918705000905020312
2,0140918705000808020312
2,0140918705000931020312
2,0140918705000816020312
2,0140918705000831020312
2,0140918705000826020312
2,0140918705000825020312
2,0140918705000822020312
2,0140918705000832020312
2,0140918705000990020312
2,0140918705000817020312
2,0140918705000777020312
2,0140918705000842020312
2,0140918705000781020312
2,0140918705000787020312
2,0140918705000912020312
2,0140918705000840020312
2,0140918705000794020312
2,0140918705000849020312
2,0140918705001700020320
2,0140918705000288020318
2,0140918705001196020319
2,0140918705000796020312
2,0140918705000785020312
2,0140918705000903020312
2,0140918705000815020312
2,0140918705000818020312
2,0140918705000823020312
2,0140919405000046020326
2,0140918705000967020312
2,0140918705000839020312
2,0140918705000786020312
2,0140918705000843020312
2,0140918705000819020312
2,0140918705000833020312
2,0140918705000824020312
2,0140918705000814020312
2,0140918705000791020312
2,0140918705000838020312
2,0140918705000928020312
2,0140918705000820020312
2,0140918705000798020312
2,0140918705000930020312
2,0140918705000902020312
2,0140918705000806020312
2,0140918705000782020312
2,0140918705000836020312
2,0140918705001543020313
2,0140918705001544020313
2,0140918705001651020320
2,0140918705001650020320
2,0140918705001542020313
2,0140918705000906020312
2,0140918705000780020312
2,0140918705000797020312
2,0140918705001004020312
2,0140918705000811020312
2,0140918705001534020313
2,0140918705000795020312
2,0140918705000807020312
2,0140918705000932020312
2,0140918705000800020312
2,0140918705000810020312
2,0140918705000813020312
2,0140918705000812020312
2,0140918705000809020312
2,0140918705000929020312
2,0140918705001003020312
2,0140918705000799020312
2,0140918705000778020312
2,0140918705000904020312
2,0140918705000803020312
2,0140918705000911020312
2,0140918705000837020312
2,0140918705000790020312
2,0140918705000848020312
2,0140918705000608020312
2,0140918705001652020320
2,0140918705001701020320
2,0140918705000850020312
2,0140918705000835020312
2,0140918705000913020312
2,0140918705000774020312
2,0140918705000776020312
2,0140918705000927020312
2,0140918705001384020320
2,0140918705001552020313
2,0140918705000888020312
2,0140918705000841020312
2,0140918705000805020312
2,0140918705000802020312
2,0140918705000992020312
2,0140918705000792020312
2,0140918705000793020312
2,0140918705000834020312
2,0140918705000830020312
2,0140918705001002020312
2,0140918705000801020312
2,0140918705000773020312
2,0140918705000844020312
2,0140918705000804020312
2,0140918705000784020312
2,0140918705000907020312
2,0140918705000788020312
2,0140918705000889020312
2,0140918705000601020312
2,0140918705001385020320
2,0140918705001660020320
2,0140918705001386020320
2,0140918705000789020312
2,0140918705000783020312
2,0140918705000779020312
2,0140918705000775020312
2,0140918705000991020312
2,0140918705000821020312
2,0140918705000885020405
2,0140918705000124020406
2,0140918705000119020406
2,0140918705000130020406
2,0140918705000164020406
2,0140918705000065020406
2,0140918705000056020406
2,0140918705000656020405
2,0140918705000663020405
2,0140919405000115020403
2,0140918705000695020405
2,0140918705000684020405
2,0140918705000659020405
2,0140918705000660020405
2,0140918705000024020403
2,0140918705000657020405
2,0140918705000027020406
2,0140918705000073020406
2,0140918705000028020406
2,0140918705000068020406
2,0140918705000044020406
2,0140918705000155020406
2,0140918705000166020406
2,0140918705000159020406
2,0140918705000132020406
2,0140918705000123020406
2,0140918705000061020406
2,0140918705000038020406
2,0140918705000026020406
2,0140918705000859020405
2,0140918705000040020406
2,0140918705000112020406
2,0140918705000114020406
2,0140918705000161020406
2,0140918705000147020406
2,0140918705000039020406
2,0140918705000029020406
2,0140918705000034020403
2,0140918705000031020403
2,0140918705000694020405
2,0140918705000043020406
2,0140918705000151020406
2,0140918705000072020406
2,0140918705000158020406
2,0140918705000149020406
2,0140918705000041020406
2,0140918705000048020406
2,0140918705000666020405
2,0140918705000026020403
2,0140918705000682020405
2,0140918705000614020405
2,0140918705000683020405
2,0140918705000653020405
2,0140918705000025020403
2,0140918705000033020403
2,0140918705000665020405
2,0140918705000030020406
2,0140918705000070020406
2,0140918705000110020406
2,0140918705000108020406
2,0140918705000063020406
2,0140918705000153020406
2,0140918705000163020406
2,0140918705000150020406
2,0140918705000133020406
2,0140918705000071020406
2,0140918705000157020406
2,0140918705000142020406
2,0140918705000031020406
2,0140918705000042020406
2,0140918705000054020406
2,0140918705000122020406
2,0140918705000134020406
2,0140918705000162020406
2,0140918705000062020406
2,0140918705000066020406
2,0140918705000035020406
2,0140918705000040020403
2,0140918705000652020405
2,0140918705000613020405
2,0140918705000144020406
2,0140918705000165020406
2,0140918705000060020406
2,0140918705000137020406
2,0140918705000148020406
2,0140918705000109020406
2,0140918705000034020406
2,0140918705000049020406
2,0140918705000030020403
2,0140918705000651020405
2,0140918705000615020405
2,0140918705000650020405
2,0140918705000675020405
2,0140918705000023020403
2,0140918705000037020403
2,0140918705000664020405
2,0140918705000032020406
2,0140918705000036020406
2,0140918705000059020406
2,0140918705000107020406
2,0140918705000064020406
2,0140918705000025020406
2,0140918705000140020406
2,0140918705000138020406
2,0140918705000135020406
2,0140918705000069020406
2,0140918705000037020406
2,0140918705000143020406
2,0140918705000145020406
2,0140918705000007020406
2,0140918705000024020406
2,0140918705000154020406
2,0140918705000118020406
2,0140918705000141020406
2,0140918705000052020406
2,0140918705000055020406
2,0140918705000050020406
2,0140918705000036020403
2,0140918705000674020405
2,0140918705000696020405
2,0140918705000861020405
2,0140918705000125020406
2,0140918705000126020406
2,0140918705000146020406
2,0140918705000053020406
2,0140918705000057020406
2,0140918705000058020403
2,0140918705000661020405
2,0140918705000654020405
2,0140918705000667020405
2,0140918705000649020405
2,0140918705000673020405
2,0140918705000662020405
2,0140918705000655020405
2,0140918705000045020403
2,0140918705000033020406
2,0140918705000058020406
2,0140918705000047020406
2,0140918705000067020406
2,0140918705000051020406
2,0140918705000152020406
2,0140918705000139020406
2,0140918705000120020406
2,0140918705000131020406
2,0140918705000129020406
2,0140918705000023020406
2,0140918705000128020406
2,0140918705000121020406
2,0140918705000860020405
2,0140918705000019020406
2,0140918705000136020406
2,0140918705000127020406
2,0140918705000160020406
2,0140918705000045020406
2,0140918705000046020406
2,0140918705000074020406
2,0140918705000032020403
2,0140918705000658020405
2,0140918705000668020405
2,0140918705001053020405
2,0140918705000915020405
2,0140918705000946020405
2,0140918705001003020405
2,0140918705000961020405
2,0140918705000185020405
2,0140918705000110020405
2,0140918705000269020405
2,0140918705000216020405
2,0140918705000290020405
2,0140918705000320020405
2,0140918705000319020405
2,0140918705000166020405
2,0140918705000291020405
2,0140918705000195020405
2,0140918705000215020405
2,0140918705000168020405
2,0140918705000270020405
2,0140918705000260020405
2,0140918705000111020405
2,0140918705000227020405
2,0140918705000186020405
2,0140918705000963020405
2,0140918705000962020405
2,0140918705000093020405
2,0140918705001004020405
2,0140918705000205020405
2,0140918705000947020405
2,0140918705000196020405
2,0140918705000937020405
2,0140918705000357020405
2,0140918705001029020405
2,0140918705001013020405
2,0140918705001012020405
2,0140918705000258020405
2,0140918705000355020405
2,0140918705000360020405
2,0140918705000180020405
2,0140918705000091020405
2,0140918705000148020405
2,0140918705000228020405
2,0140918705000259020405
2,0140918705000169020405
2,0140918705000194020405
2,0140918705000288020405
2,0140918705000246020405
2,0140918705000296020405
2,0140918705000332020405
2,0140918705000197020405
2,0140918705000094020405
2,0140918705000151020405
2,0140918705000118020405
2,0140918705000175020405
2,0140918705000268020405
2,0140918705000170020405
2,0140918705000286020405
2,0140918705000284020405
2,0140918705000285020405
2,0140918705000325020405
2,0140918705000287020405
2,0140918705000239020405
2,0140918705000214020405
2,0140918705000137020405
2,0140918705000155020405
2,0140918705000242020405
2,0140918705000177020405
2,0140918705000120020405
2,0140918705000255020405
2,0140918705000230020405
2,0140918705000153020405
2,0140918705000092020405
2,0140918705000095020405
2,0140918705000206020405
2,0140918705000198020405
2,0140918705000333020405
2,0140918705000331020405
2,0140918705000356020405
2,0140918705000297020405
2,0140918705000234020405
2,0140918705000256020405
2,0140918705000295020405
2,0140918705000309020405
2,0140918705000359020405
2,0140918705000207020405
2,0140918705000152020405
2,0140918705000330020405
2,0140918705000119020405
2,0140918705000241020405
2,0140918705000136020405
2,0140918705000252020405
2,0140918705000326020405
2,0140918705000307020405
2,0140918705000358020405
2,0140918705000178020405
2,0140918705000096020405
2,0140918705000149020405
2,0140918705000231020405
2,0140918705000145020405
2,0140918705000159020405
2,0140918705000238020405
2,0140918705000292020405
2,0140918705000324020405
2,0140918705000323020405
2,0140918705000283020405
2,0140918705000293020405
2,0140918705000251020405
2,0140918705000204020405
2,0140918705000138020405
2,0140918705000127020405
2,0140918705000243020405
2,0140918705000211020405
2,0140918705000144020405
2,0140918705000254020405
2,0140918705000229020405
2,0140918705000150020405
2,0140918705000903020405
2,0140918705000980020405
2,0140918705000969020405
2,0140918705000179020405
2,0140918705000863020405
2,0140918705000914020405
2,0140918705000913020405
2,0140918705000308020405
2,0140918705001052020405
2,0140918705001051020405
2,0140918705001011020405
2,0140918705000924020405
2,0140918705000968020405
2,0140918705000902020405
2,0140918705000841020405
2,0140918705000147020405
2,0140918705000154020405
2,0140918705000171020405
2,0140918705000250020405
2,0140918705000327020405
2,0140918705001010020405
2,0140918705000939020405
2,0140918705000864020405
2,0140918705000979020405
2,0140918705000328020405
2,0140918705000253020405
2,0140918705000212020405
2,0140918705000128020405
2,0140918705000202020405
2,0140918705000294020405
2,0140918705000322020405
2,0140918705000321020405
2,0140918705000167020405
2,0140918705000289020405
2,0140918705000240020405
2,0140918705000203020405
2,0140918705000172020405
2,0140918705000129020405
2,0140918705000266020405
2,0140918705000109020405
2,0140918705000213020405
2,0140918705000184020405
2,0140918705000842020405
2,0140918705000329020405
2,0140918705000901020405
2,0140918705001005020405
2,0140918705000967020405
2,0140918705000865020405
2,0140918705000923020405
2,0140918705000938020405
2,0140918705001009020405
2,0140918705001028020405
2,0140918705001014020405
2,0140918705000257020405
3,0140918705001024020405
3,0140918705000922020405
3,0140918705000948020405
3,0140918705000981020405
3,0140918705000843020405
3,0140918705000226020405
3,0140918705000174020405
3,0140918705000173020405
3,0140918705000193020405
3,0140918705000176020405
3,0140918705000133020404
3,0140918705000325020406
3,0140918705000286020406
3,0140918705000140020404
3,0140918705001219020405
3,0140918705000143020404
3,0140918705000531020406
3,0140918705000327020406
3,0140918705000147020404
3,0140918705000311020406
3,0140918705000120020404
3,0140918705000114020404
3,0140918705000155020404
3,0140918705001220020405
3,0140918705000529020406
3,0140918705000381020406
3,0140918705000148020404
3,0140918705001205020405
3,0140918705000338020406
3,0140918705000127020404
3,0140918705001221020405
3,0140918705001160020405
3,0140918705000536020406
3,0140918705000329020406
3,0140918705000337020406
3,0140918705000144020404
3,0140918705000093020404
3,0140918705000113020404
3,0140918705000130020404
3,0140918705001204020405
3,0140918705000464020406
3,0140918705000166020404
3,0140918705000092020404
3,0140918705000103020404
3,0140918705000537020406
3,0140918705000330020406
3,0140918705000134020404
3,0140918705000126020404
3,0140918705001161020405
3,0140918705000535020406
3,0140918705000312020406
3,0140918705000288020406
3,0140918705000314020406
3,0140918705000313020406
3,0140918705000530020406
3,0140918705000287020406
3,0140918705000348020406
3,0140918705000118020404
3,0140918705001206020405
3,0140918705000328020406
3,0140918705000310020406
3,0140918705000149020404
3,0140918705000122020404
3,0140918705000104020404
3,0140918705000121020404
3,0140918705000339020406
3,0140918705000380020406
3,0140918705000326020406
3,0140918705000463020406
3,0140918705001159020405
3,0140918705001085020405
3,0140918705001084020405
3,0140918705000465020406
3,0140918705000379020406
3,0140918705000105020404
3,0140918705000117020404
3,0140918705001483020406
3,0140918705001401020405
3,0140918705001334020405
3,0140918705001426020406
3,0140918705000003020406
3,0140918705001304020405
3,0140918705001528020406
3,0140918705001550020406
3,0140918705001520020406
3,0140918705001385020405
3,0140918705001321020405
3,0140918705001322020405
3,0140918705001537020406
3,0140918705001386020405
3,0140918705001543020406
3,0140918705001516020406
3,0140918705001519020406
3,0140918705000188020406
3,0140918705000022020406
3,0140918705001529020406
3,0140918705000180020406
3,0140918705001305020405
3,0140918705001414020405
3,0140918705001393020405
3,0140918705000183020406
3,0140918705001427020406
3,0140918705001397020405
3,0140918705001335020405
3,0140918705001271020405
3,0140918705001400020405
3,0140918705001463020406
3,0140918705001484020406
3,0140918705001462020406
3,0140918705001270020405
3,0140918705001396020405
3,0140918705000184020406
3,0140918705000018020406
3,0140918705000167020406
3,0140918705000016020406
3,0140918705000185020406
3,0140918705001384020405
3,0140918705001452020406
3,0140918705001364020405
3,0140918705001464020406
3,0140918705001336020405
3,0140918705000168020406
3,0140918705001394020405
3,0140918705000174020406
3,0140918705000193020406
3,0140918705000189020406
3,0140918705000176020406
3,0140918705001450020406
3,0140918705001323020405
3,0140918705001565020406
3,0140918705001564020406
3,0140918705001451020406
3,0140918705001297020405
3,0140918705000182020406
3,0140918705000020020406
3,0140918705000006020406
3,0140918705000015020406
3,0140918705000005020406
3,0140918705000010020406
3,0140918705000008020406
3,0140918705000017020406
3,0140918705001395020405
3,0140918705000178020406
3,0140918705000177020406
3,0140918705001368020405
3,0140918705001338020405
3,0140918705001337020405
3,0140918705001399020405
3,0140918705001599020406
3,0140918705001597020406
3,0140918705001598020406
3,0140918705001474020406
3,0140918705001367020405
3,0140918705000156020406
3,0140918705000009020406
3,0140918705000012020406
3,0140918705000004020406
3,0140918705000021020406
3,0140918705001513020406
3,0140918705001296020405
3,0140918705001596020406
3,0140918705001454020406
3,0140918705001530020406
3,0140918705001531020406
3,0140918705000175020406
3,0140918705000190020406
3,0140918705000186020406
3,0140918705000191020406
3,0140918705001509020406
3,0140918705001515020406
3,0140918705001350020405
3,0140918705001349020405
3,0140918705001295020405
3,0140918705001300020405
3,0140918705001298020405
3,0140918705001332020405
3,0140918705001555020406
3,0140918705001551020406
3,0140918705000011020406
3,0140918705000169020406
3,0140918705001478020406
3,0140918705000192020406
3,0140918705000001020406
3,0140918705000179020406
3,0140918705000173020406
3,0140918705001518020406
3,0140918705001366020405
3,0140918705001525020406
3,0140918705001475020406
3,0140918705001455020406
3,0140918705001453020406
3,0140918705001595020406
3,0140918705001369020405
3,0140918705001476020406
3,0140918705001308020405
3,0140918705000172020406
3,0140918705000002020406
3,0140918705001477020406
3,0140918705001425020406
3,0140918705001549020406
3,0140918705001299020405
3,0140918705001294020405
3,0140918705001594020406
3,0140918705001370020405
3,0140918705001306020405
3,0140918705001517020406
3,0140918705000170020406
3,0140918705000014020406
3,0140918705000013020406
3,0140918705001601020406
3,0140918705001331020405
3,0140918705001301020405
3,0140918705001348020405
3,0140918705001566020406
3,0140918705001539020406
3,0140918705001546020406
3,0140918705001302020405
3,0140918705001330020405
3,0140918705001556020406
3,0140918705001602020406
3,0140918705001533020406
3,0140918705001424020406
3,0140918705001479020406
3,0140918705001303020405
3,0140918705001416020405
3,0140918705000181020406
3,0140918705000171020406
3,0140918705001428020406
3,0140918705001307020405
3,0140918705001524020406
3,0140918705001333020405
3,0140918705001363020405
3,0140918705001371020405
3,0140918705001485020406
3,0140918705001365020405
3,0140918705001272020405
3,0140918705001398020405
3,0140918705000187020406
3,0140918705001415020405
3,0140918705001423020406
3,0140918705001600020406
3,0140918705001557020406
3,0140918705001547020406
3,0140918705001538020406
3,0140918705001431020407
3,0140918705001461020407
3,0140918705001442020407
3,0140918705001467020407
3,0140918705000109020405
3,0140918705000081020405
3,0140918705000208020405
3,0140918705000207020405
3,0140918705000035020404
3,0140918705000158020405
3,0140918705000160020405
3,0140918705000047020404
3,0140918705000044020404
3,0140918705000231020405
3,0140918705000199020405
3,0140918705000232020405
3,0140918705000210020405
3,0140918705000098020405
3,0140918705000082020405
3,0140918705000101020405
3,0140918705000095020405
3,0140918705000105020405
3,0140918705000102020405
3,0140918705001469020407
3,0140918705001443020407
3,0140918705001439020407
3,0140918705001459020407
3,0140918705001433020407
3,0140918705001430020407
3,0140918705001397020407
3,0140918705001418020407
3,0140918705001410020407
3,0140918705001438020407
3,0140918705001473020407
3,0140918705000107020405
3,0140918705000100020405
3,0140918705000209020405
3,0140918705000240020405
3,0140918705000042020404
3,0140918705000036020404
3,0140918705001428020407
3,0140918705001440020407
3,0140918705001441020407
3,0140918705000104020405
3,0140918705000108020405
3,0140918705000162020405
3,0140918705000211020405
3,0140918705000006020403
3,0140918705000041020404
3,0140918705000200020405
3,0140918705000164020405
3,0140918705000039020404
3,0140918705000196020405
3,0140918705000187020405
3,0140918705000242020405
3,0140918705000166020405
3,0140918705000239020405
3,0140918705000092020405
3,0140918705000167020405
3,0140918705000099020405
3,0140918705000086020405
3,0140918705000088020405
3,0140918705000106020405
3,0140918705001472020407
3,0140918705000094020405
3,0140918705001424020407
3,0140918705001422020407
3,0140918705001409020407
3,0140918705001429020407
3,0140918705001417020407
3,0140918705001426020407
3,0140918705001408020407
3,0140918705001423020407
3,0140918705001471020407
3,0140918705000091020405
3,0140918705000206020405
3,0140918705000097020405
3,0140918705000118020403
3,0140918705000165020405
3,0140918705000038020404
3,0140918705001412020407
3,0140918705001425020407
3,0140918705000110020405
3,0140918705000152020405
3,0140918705000085020405
3,0140918705000557020405
3,0140918705000233020405
3,0140918705000227020405
3,0140918705000037020404
3,0140918705000159020405
3,0140918705000040020404
3,0140918705000234020405
3,0140918705000228020405
3,0140918705000241020405
3,0140918705000103020405
3,0140918705000004020404
3,0140918705000581020405
3,0140918705000087020405
3,0140918705000150020405
3,0140918705000151020405
3,0140918705000112020405
3,0140918705000089020405
3,0140918705001413020407
3,0140918705001407020407
3,0140918705001437020407
3,0140918705001436020407
3,0140918705001427020407
3,0140918705001419020407
3,0140918705001435020407
3,0140918705001402020407
3,0140918705000111020405
3,0140918705000155020405
3,0140918705000163020405
3,0140918705000028020403
3,0140918705000045020404
3,0140918705000161020405
3,0140918705001444020407
3,0140918705001457020407
3,0140918705001421020407
3,0140918705001465020407
3,0140918705000096020405
3,0140918705000243020405
3,0140918705000204020405
3,0140918705000214020405
3,0140918705000172020405
3,0140918705000175020405
3,0140918705000157020405
3,0140918705000216020405
3,0140918705000256020405
3,0140918705000205020405
3,0140918705000238020405
3,0140918705000237020405
3,0140918705000084020405
3,0140918705000583020405
3,0140918705000558020405
3,0140918705000090020405
3,0140918705000153020405
3,0140918705001466020407
3,0140918705001470020407
3,0140918705001420020407
3,0140918705001405020407
3,0140918705001460020407
3,0140918705001434020407
3,0140918705001458020407
3,0140918705001396020407
3,0140918705001398020407
3,0140918705001432020407
3,0140918705001406020407
3,0140918705001468020407
3,0140918705000154020405
3,0140918705000554020405
3,0140918705000083020405
3,0140918705000212020405
3,0140918705000184020405
3,0140918705000043020404
3,0140918705000291020406
3,0140918705000238020406
3,0140918705000259020406
3,0140918705000268020406
3,0140918705000307020406
3,0140918705000408020406
3,0140918705000548020406
3,0140918705000617020406
3,0140918705000574020406
3,0140918705000576020406
3,0140918705000253020406
3,0140918705000298020406
3,0140918705000256020406
3,0140918705000274020406
3,0140918705000246020406
3,0140918705000241020406
3,0140918705000264020406
3,0140918705000234020406
3,0140918705000301020406
3,0140918705000429020406
3,0140918705000469020406
3,0140918705000470020406
3,0140918705000547020406
3,0140918705000648020406
3,0140918705000618020406
3,0140918705000466020406
3,0140918705000559020406
3,0140918705000521020406
3,0140918705000420020406
3,0140918705000447020406
3,0140918705000598020406
3,0140918705000561020406
3,0140918705000555020406
3,0140918705000647020406
3,0140918705000342020406
3,0140918705000399020406
3,0140918705000232020406
3,0140918705000292020406
3,0140918705000267020406
3,0140918705000239020406
3,0140918705000277020406
3,0140918705000300020406
3,0140918705000245020406
3,0140918705000263020406
3,0140918705000303020406
3,0140918705000430020406
3,0140918705000471020406
3,0140918705000554020406
3,0140918705000405020406
3,0140918705000445020406
3,0140918705000583020406
3,0140918705000493020406
3,0140918705000487020406
3,0140918705000560020406
3,0140918705000620020406
3,0140918705000553020406
3,0140918705000374020406
3,0140918705000549020406
3,0140918705000344020406
3,0140918705000367020406
3,0140918705000398020406
3,0140918705000302020406
3,0140918705000237020406
3,0140918705000240020406
3,0140918705000285020406
3,0140918705000251020406
3,0140918705000283020406
3,0140918705000290020406
3,0140918705000296020406
3,0140918705000278020406
3,0140918705000255020406
3,0140918705000254020406
3,0140918705000235020406
3,0140918705000284020406
3,0140918705000270020406
3,0140918705000397020406
3,0140918705000343020406
3,0140918705000373020406
3,0140918705000619020406
3,0140918705000492020406
3,0140918705000495020406
3,0140918705000273020406
3,0140918705000248020406
3,0140918705000276020406
3,0140918705000294020406
3,0140918705000309020406
3,0140918705000340020406
3,0140918705000533020406
3,0140918705000375020406
3,0140918705000491020406
3,0140918705000634020406
3,0140918705000494020406
3,0140918705000635020406
3,0140918705000522020406
3,0140918705000612020406
3,0140918705000613020406
3,0140918705000646020406
3,0140918705000483020406
3,0140918705000534020406
3,0140918705000630020406
3,0140918705000341020406
3,0140918705000368020406
3,0140918705000334020406
3,0140918705000233020406
3,0140918705000260020406
3,0140918705000293020406
3,0140918705000250020406
3,0140918705000236020406
3,0140918705000249020406
3,0140918705000299020406
3,0140918705000279020406
3,0140918705000271020406
3,0140918705000272020406
3,0140918705000257020406
3,0140918705000265020406
3,0140918705000289020406
3,0140918705000308020406
3,0140918705000369020406
3,0140918705000532020406
3,0140918705000467020406
3,0140918705000614020406
3,0140918705000636020406
3,0140918705000446020406
3,0140918705000297020406
3,0140918705000280020406
3,0140918705000252020406
3,0140918705000261020406
3,0140918705000335020406
3,0140918705000345020406
3,0140918705000481020406
3,0140918705000615020406
3,0140918705000610020406
3,0140918705000652020406
3,0140918705000584020406
3,0140918705000419020406
3,0140918705000418020406
3,0140918705000611020406
3,0140918705000404020406
3,0140918705000468020406
3,0140918705000482020406
3,0140918705000629020406
3,0140918705000628020406
3,0140918705000406020406
3,0140918705000336020406
3,0140918705000243020406
3,0140918705000616020406
3,0140918705000262020406
3,0140918705000242020406
3,0140918705000244020406
3,0140918705000266020406
3,0140918705000247020406
3,0140918705000282020406
3,0140918705000295020406
3,0140918705000049020405
3,0140918705000056020405
3,0140918705000281020406
3,0140918705000275020406
3,0140918705000258020406
3,0140918705000269020406
3,0140918705000407020406
3,0140918705000432020406
3,0140918705000621020406
3,0140918705000403020406
3,0140918705000575020406
3,0140918705000585020406
3,0140918705000957020405
3,0140918705001022020405
3,0140918705000978020405
3,0140918705000910020405
3,0140918705000761020405
3,0140918705000919020405
3,0140918705000815020405
3,0140918705000782020405
3,0140918705000826020405
3,0140918705000884020405
3,0140918705000883020405
3,0140918705000804020405
3,0140918705000827020405
3,0140918705000793020405
3,0140918705000891020405
3,0140918705000788020405
3,0140918705000816020405
3,0140918705000810020405
3,0140918705000920020405
3,0140918705000917020405
3,0140918705001002020405
3,0140918705001001020405
3,0140918705000911020405
3,0140918705000998020405
3,0140918705000977020405
3,0140918705001048020405
3,0140918705001021020405
3,0140918705000985020405
3,0140918705000780020405
3,0140918705001033020405
3,0140918705000835020405
3,0140918705000984020405
3,0140918705001023020405
3,0140918705000997020405
3,0140918705001000020405
3,0140918705000916020405
3,0140918705000809020405
3,0140918705000789020405
3,0140918705000792020405
3,0140918705000844020405
3,0140918705000983020405
3,0140918705001047020405
3,0140918705000996020405
3,0140918705000912020405
3,0140918705000988020405
3,0140918705000868020405
3,0140918705000942020405
3,0140918705000889020405
3,0140918705000828020405
3,0140918705000845020405
3,0140918705000846020405
3,0140918705000768020405
3,0140918705000800020405
3,0140918705000825020405
3,0140918705000823020405
3,0140918705000888020405
3,0140918705001006020405
3,0140918705000870020405
3,0140918705000921020405
3,0140918705000990020405
3,0140918705001027020405
3,0140918705000878020405
3,0140918705000931020405
3,0140918705000995020405
3,0140918705000994020405
3,0140918705000973020405
3,0140918705000855020405
3,0140918705001018020405
3,0140918705000900020405
3,0140918705000836020405
3,0140918705000837020405
3,0140918705001019020405
3,0140918705000909020405
3,0140918705001045020405
3,0140918705000877020405
3,0140918705000989020405
3,0140918705000869020405
3,0140918705000887020405
3,0140918705000820020405
3,0140918705000767020405
3,0140918705000898020405
3,0140918705000799020405
3,0140918705000974020405
3,0140918705000932020405
3,0140918705001026020405
3,0140918705000966020405
3,0140918705001007020405
3,0140918705000791020405
3,0140918705000801020405
3,0140918705000817020405
3,0140918705000847020405
3,0140918705000766020405
3,0140918705000802020405
3,0140918705000824020405
3,0140918705000822020405
3,0140918705000886020405
3,0140918705001008020405
3,0140918705000813020405
3,0140918705000965020405
3,0140918705001025020405
3,0140918705000879020405
3,0140918705000758020405
3,0140918705000933020405
3,0140918705000929020405
3,0140918705000975020405
3,0140918705000908020405
3,0140918705000854020405
3,0140918705001020020405
3,0140918705000899020405
3,0140918705001035020405
3,0140918705001034020405
3,0140918705000797020405
3,0140918705000907020405
3,0140918705000930020405
3,0140918705000876020405
3,0140918705001044020405
3,0140918705000814020405
3,0140918705000945020405
3,0140918705000785020405
3,0140918705000805020405
3,0140918705000955020405
3,0140918705000798020405
3,0140918705001046020405
3,0140918705000874020405
3,0140918705000764020405
3,0140918705000918020405
3,0140918705000944020405
3,0140918705000821020405
3,0140918705000857020405
3,0140918705000848020405
3,0140918705000849020405
3,0140918705000803020405
3,0140918705000856020405
3,0140918705000784020405
3,0140918705000890020405
3,0140918705000940020405
3,0140918705000943020405
3,0140918705000812020405
3,0140918705000964020405
3,0140918705001043020405
3,0140918705000765020405
3,0140918705000759020405
3,0140918705000875020405
3,0140918705000928020405
3,0140918705000976020405
3,0140918705001050020405
3,0140918705000853020405
3,0140918705000781020405
3,0140918705000956020405
3,0140918705000954020405
3,0140918705000953020405
3,0140918705000779020405
3,0140918705001049020405
3,0140918705000999020405
3,0140918705000760020405
3,0140918705001042020405
3,0140918705000811020405
3,0140918705000941020405
3,0140918705000783020405
3,0140918705000858020405
3,0140918705000818020406
3,0140918705000753020406
3,0140918705000780020406
3,0140918705000711020406
3,0140918705000837020406
3,0140918705000963020406
3,0140918705000853020406
3,0140918705000976020406
3,0140918705001002020406
3,0140918705001447020407
3,0140918705001455020407
3,0140918705001445020407
3,0140918705001453020407
3,0140918705000988020406
3,0140918705001001020406
3,0140918705000977020406
3,0140918705001399020407
3,0140918705000858020406
3,0140918705001004020406
3,0140918705000965020406
3,0140918705001010020406
3,0140918705000835020406
3,0140918705000732020406
3,0140918705000685020406
3,0140918705000728020406
3,0140918705000956020406
3,0140918705000968020406
3,0140918705000751020406
3,0140918705000721020406
3,0140918705000792020406
3,0140918705000766020406
3,0140918705000873020406
3,0140918705000729020406
3,0140918705000731020406
3,0140918705000666020406
3,0140918705001014020406
3,0140918705000855020406
3,0140918705001000020406
3,0140918705000986020406
3,0140918705001454020407
3,0140918705000678020406
3,0140918705000789020406
3,0140918705000779020406
3,0140918705000951020406
3,0140918705000845020406
3,0140918705000972020406
3,0140918705000995020406
3,0140918705000982020406
3,0140918705000985020406
3,0140918705001414020407
3,0140918705001450020407
3,0140918705001415020407
3,0140918705000987020406
3,0140918705000989020406
3,0140918705000960020406
3,0140918705000984020406
3,0140918705000856020406
3,0140918705000966020406
3,0140918705001012020406
3,0140918705001007020406
3,0140918705000663020406
3,0140918705000675020406
3,0140918705000980020406
3,0140918705000949020406
3,0140918705000955020406
3,0140918705000834020406
3,0140918705000872020406
3,0140918705000768020406
3,0140918705000819020406
3,0140918705000676020406
3,0140918705000817020406
3,0140918705000876020406
3,0140918705000778020406
3,0140918705000979020406
3,0140918705000846020406
3,0140918705000992020406
3,0140918705000996020406
3,0140918705000944020406
3,0140918705000958020406
3,0140918705001449020407
3,0140918705000801020406
3,0140918705000714020406
3,0140918705000871020406
3,0140918705000703020406
3,0140918705000674020406
3,0140918705000964020406
3,0140918705000994020406
3,0140918705000854020406
3,0140918705000959020406
3,0140918705001411020407
3,0140918705001456020407
3,0140918705001416020407
3,0140918705001403020407
3,0140918705000945020406
3,0140918705000948020406
3,0140918705000973020406
3,0140918705000857020406
3,0140918705000961020406
3,0140918705000993020406
3,0140918705001008020406
3,0140918705001011020406
3,0140918705000844020406
3,0140918705000730020406
3,0140918705000950020406
3,0140918705000957020406
3,0140918705000967020406
3,0140918705000874020406
3,0140918705000767020406
3,0140918705000723020406
3,0140918705000677020406
3,0140918705000722020406
3,0140918705000752020406
3,0140918705000727020406
3,0140918705000661020406
3,0140918705000665020406
3,0140918705000991020406
3,0140918705001401020407
3,0140918705000947020406
3,0140918705001404020407
3,0140918705001464020407
3,0140918705000791020406
3,0140918705000787020406
3,0140918705000969020406
3,0140918705000673020406
3,0140918705000836020406
3,0140918705000971020406
3,0140918705001003020406
3,0140918705000974020406
3,0140918705000943020406
3,0140918705001448020407
3,0140918705001462020407
3,0140918705001446020407
3,0140918705001452020407
3,0140918705000990020406
3,0140918705000946020406
3,0140918705000975020406
3,0140918705001400020407
3,0140918705001005020406
3,0140918705001013020406
3,0140918705001006020406
3,0140918705001009020406
3,0140918705000664020406
3,0140918705000981020406
3,0140918705000710020406
3,0140918705000701020406
3,0140918705000833020406
3,0140918705000875020406
3,0140918705000790020406
3,0140918705000712020406
3,0140918705000793020406
3,0140918705000713020406
3,0140918705000832020406
3,0140918705000702020406
3,0140918705000662020406
3,0140918705000970020406
3,0140918705000962020406
3,0140918705000983020406
3,0140918705001451020407
3,0140918705001463020407
3,0140918705000978020406
4,0140918705000726020406
4,0140918705000928020406
4,0140918705000748020406
4,0140918705000709020406
4,0140918705000911020406
4,0140918705000794020406
4,0140918705000695020406
4,0140918705000866020406
4,0140918705000772020406
4,0140918705000847020406
4,0140918705000667020406
4,0140918705000782020406
4,0140918705000740020406
4,0140918705000877020406
4,0140918705000762020406
4,0140918705000770020406
4,0140918705000716020406
4,0140918705000796020406
4,0140918705000804020406
4,0140918705000744020406
4,0140918705000811020406
4,0140918705000909020406
4,0140918705000830020406
4,0140918705000746020406
4,0140918705000750020406
4,0140918705000932020406
4,0140918705000930020406
4,0140918705000921020406
4,0140918705000694020406
4,0140918705000897020406
4,0140918705000896020406
4,0140918705000937020406
4,0140918705000894020406
4,0140918705000707020406
4,0140918705000936020406
4,0140918705000691020406
4,0140918705000795020406
4,0140918705000697020406
4,0140918705000884020406
4,0140918705000774020406
4,0140918705000775020406
4,0140918705000939020406
4,0140918705000737020406
4,0140918705000952020406
4,0140918705000706020406
4,0140918705000802020406
4,0140918705000720020406
4,0140918705000859020406
4,0140918705000688020406
4,0140918705000669020406
4,0140918705000800020406
4,0140918705000828020406
4,0140918705000687020406
4,0140918705000885020406
4,0140918705000861020406
4,0140918705000755020406
4,0140918705000719020406
4,0140918705000813020406
4,0140918705000679020406
4,0140918705000803020406
4,0140918705000704020406
4,0140918705000810020406
4,0140918705000954020406
4,0140918705000831020406
4,0140918705000763020406
4,0140918705000759020406
4,0140918705000892020406
4,0140918705000889020406
4,0140918705000777020406
4,0140918705000895020406
4,0140918705000903020406
4,0140918705000916020406
4,0140918705000757020406
4,0140918705000829020406
4,0140918705000910020406
4,0140918705000692020406
4,0140918705000809020406
4,0140918705000865020406
4,0140918705000883020406
4,0140918705000783020406
4,0140918705000689020406
4,0140918705000918020406
4,0140918705000764020406
4,0140918705000908020406
4,0140918705000812020406
4,0140918705000926020406
4,0140918705000718020406
4,0140918705000860020406
4,0140918705000840020406
4,0140918705000849020406
4,0140918705000788020406
4,0140918705000781020406
4,0140918705000686020406
4,0140918705000878020406
4,0140918705000760020406
4,0140918705000771020406
4,0140918705000715020406
4,0140918705000808020406
4,0140918705000690020406
4,0140918705000705020406
4,0140918705000935020406
4,0140918705000997020406
4,0140918705000747020406
4,0140918705000738020406
4,0140918705000931020406
4,0140918705000929020406
4,0140918705000891020406
4,0140918705000776020406
4,0140918705000700020406
4,0140918705000699020406
4,0140918705000890020406
4,0140918705000893020406
4,0140918705000745020406
4,0140918705000934020406
4,0140918705000743020406
4,0140918705000822020406
4,0140918705000769020406
4,0140918705000838020406
4,0140918705000773020406
4,0140918705000725020406
4,0140918705000938020406
4,0140918705000749020406
4,0140918705000953020406
4,0140918705000733020406
4,0140918705000680020406
4,0140918705000717020406
4,0140918705000867020406
4,0140918705000739020406
4,0140918705000848020406
4,0140918705000668020406
4,0140918705000827020406
4,0140918705000741020406
4,0140918705000839020406
4,0140918705000761020406
4,0140918705000756020406
4,0140918705000696020406
4,0140918705000821020406
4,0140918705000681020406
4,0140918705000742020406
4,0140918705000735020406
4,0140918705000907020406
4,0140918705000998020406
4,0140918705000708020406
4,0140918705000736020406
4,0140918705000758020406
4,0140918705000917020406
4,0140918705000920020406
4,0140918705000693020406
4,0140918705000724020406
4,0140918705000698020406
4,0140918705000919020406
4,0140918705000927020406
4,0140918705000765020406
4,0140918705000999020406
4,0140918705000734020406
4,0140918705000820020406
4,0140918705000754020406
4,0140918705000879020406
4,0140918705000826020406
1,0140916313040004020308
1,0140916312760006020307
1,0140916312100023020307
1,0140916313220009020308
1,0140916310580024020308
1,0140916311500022020305
1,0140916312060023020305
1,0140916311900024020305
1,0140916312140041020305
1,0140916311100046020305
1,0140916312040030020305